labels 0 1 2 3 4
0 0.964454 0.0103244 0.00627997 0.0140371 0.00490451
0 0.965423 0.00709565 0.00403852 0.0176573 0.00578564
0 0.968354 0.00594162 0.00322594 0.015518 0.00696065
0 0.972237 0.000876814 0.00416705 0.0178439 0.00487554
0 0.981142 0.00110682 0.000554532 0.0129144 0.00428264
0 0.97145 0.00257643 0.0034901 0.0172892 0.00519412
0 0.976339 0.00117885 0.000806568 0.0178902 0.00378498
0 0.976125 0.000729239 0.00150486 0.0178683 0.00377283
0 0.973661 0.00121017 0.00197787 0.0170452 0.00610565
0 0.96816 0.00368592 0.00488384 0.0182379 0.00503263
0 0.97275 0.00195758 0.00202426 0.0170672 0.00620135
0 0.974391 0.00402139 0.00249962 0.0180659 0.00102223
0 0.976876 0.00117739 0.00104944 0.0181894 0.00270795
0 0.982737 0.000461585 0.000151517 0.0161482 0.000501488
0 0.978465 0.00131292 0.00178441 0.0133667 0.00507095
0 0.971856 0.00128505 0.00479133 0.0153694 0.00669829
0 0.972867 0.00797413 0.00368501 0.011816 0.00365823
0 0.973624 0.00720527 0.00632323 0.00759861 0.00524858
0 0.970399 0.00335344 0.00357341 0.0153735 0.00730085
0 0.975691 0.0005955 0.000651428 0.0168365 0.00622546
0 0.976856 0.00138508 0.00166358 0.0181095 0.00198588
0 0.979722 0.000548916 0.0011353 0.0137755 0.00481852
0 0.978165 0.00110274 0.0082158 0.00724096 0.00527508
0 0.972757 0.00131527 0.00432529 0.0142956 0.00730686
0 0.979556 0.0048777 0.0047208 0.00769173 0.00315327
0 0.97124 0.00269852 0.0047952 0.0181528 0.00311377
0 0.970238 0.00501705 0.00296011 0.0182537 0.00353107
0 0.974859 0.000134785 0.00187821 0.0169736 0.00615463
0 0.972879 0.00279696 0.00273955 0.0175674 0.00401738
0 0.989891 0.000130416 0.000146427 0.00936858 0.000463309
0 0.971754 0.00370751 0.00226724 0.018093 0.00417827
0 0.969467 0.00467168 0.0038618 0.0181417 0.00385822
0 0.979924 0.000610796 0.000462398 0.018086 0.000916678
0 0.987593 0.00220383 0.000583629 0.00872476 0.000894678
0 0.982463 0.00525913 0.00112158 0.00882039 0.00233597
0 0.971774 0.0027055 0.00345823 0.0178945 0.00416808
0 0.987049 0.00322852 0.00404356 0.00325521 0.00242404
0 0.973493 0.00470642 0.00375913 0.0117644 0.00627695
0 0.974637 0.00111235 0.00198836 0.0168494 0.00541334
0 0.990348 0.000706433 0.000488927 0.00427529 0.00418091
0 0.969769 0.00196755 0.0047237 0.0164283 0.00711187
0 0.995997 0.000952663 0.000584596 0.00202395 0.000441918
0 0.977383 0.000343829 0.000202106 0.017345 0.00472646
0 0.966736 0.00517269 0.00431149 0.017459 0.00632071
0 0.972275 0.00238939 0.00354797 0.0180776 0.00371027
0 0.972764 0.00245197 0.00279627 0.017708 0.00427939
0 0.976602 0.000968559 0.00033649 0.0172082 0.0048846
0 0.98762 0.000929278 0.000520117 0.00654311 0.00438748
0 0.990068 0.0015343 0.00207653 0.00163463 0.00468642
0 0.974323 0.00354324 0.00139085 0.0180433 0.00270001
0 0.965818 0.00424434 0.00713675 0.0147816 0.0080197
0 0.978823 0.000371683 0.000368875 0.017534 0.00290286
0 0.968658 0.00560148 0.00225819 0.0177416 0.00574026
0 0.976065 0.000724598 0.00118534 0.0174312 0.00459404
0 0.971616 0.00267645 0.00328546 0.0171133 0.00530861
0 0.972724 0.00790607 0.0038897 0.0103585 0.00512164
0 0.967964 0.00678964 0.00307454 0.0181056 0.00406573
0 0.988943 0.00358023 0.000536168 0.00537742 0.00156299
0 0.979904 0.000436809 0.00035935 0.0181326 0.0011672
0 0.970282 0.00963791 0.00195722 0.0162377 0.00188549
0 0.973758 0.00415742 0.00200732 0.0179867 0.00209022
0 0.965624 0.0076888 0.00403419 0.0151489 0.00750396
0 0.986513 0.000695855 0.000298054 0.011039 0.00145387
0 0.983875 0.00354552 0.00167664 0.00908292 0.00181978
0 0.975256 0.00155438 0.00180686 0.0180842 0.00329881
0 0.975215 0.0021161 0.00128555 0.0180797 0.0033036
0 0.977347 0.00103455 0.00117707 0.0178764 0.00256473
0 0.995686 0.00165328 0.000326597 0.00185584 0.000478198
0 0.974535 0.00157339 0.00192506 0.0175766 0.00439032
0 0.969561 0.00345207 0.00395661 0.0181604 0.00487024
0 0.978422 0.000370841 0.00123342 0.0181888 0.00178541
0 0.969976 0.00345904 0.00301598 0.0172422 0.00630712
0 0.978762 0.000321059 0.000335714 0.0180788 0.00250269
0 0.969156 0.00430485 0.00291658 0.0166869 0.00693558
0 0.975553 0.00128534 0.00209146 0.0177406 0.00332957
0 0.987375 0.000510067 0.000158941 0.0116316 0.000324134
0 0.975682 0.00107128 0.00125819 0.0174907 0.00449766
0 0.961731 0.00856639 0.00874809 0.0140626 0.00689161
0 0.973085 0.00285725 0.000739909 0.0169011 0.00641683
0 0.977777 0.000727778 0.000338081 0.017214 0.00394311
0 0.979246 0.000234363 0.000247633 0.0180369 0.00223486
0 0.97259 0.00147643 0.00379803 0.0149236 0.00721171
0 0.973212 0.00241539 0.00218332 0.0150583 0.00713078
0 0.977243 0.000481716 0.00106752 0.0181139 0.00309431
0 0.989261 0.000304634 0.00130309 0.00790023 0.0012315
0 0.967267 0.00342811 0.00521982 0.0176447 0.00643992
0 0.975856 0.00205829 0.00040419 0.0167076 0.00497384
0 0.975161 0.000952656 0.00178394 0.0172314 0.00487112
0 0.985293 0.000799447 0.000230937 0.0130876 0.000588725
0 0.968925 0.00429205 0.00318198 0.0173122 0.00628888
0 0.967671 0.00446741 0.00682091 0.0131161 0.00792471
0 0.965661 0.00920264 0.00713323 0.0145092 0.00349356
0 0.970447 0.00705 0.00918028 0.00832537 0.0049977
0 0.966122 0.00550653 0.00592396 0.0183068 0.00414025
0 0.967257 0.00342509 0.00513293 0.0173316 0.00685318
0 0.962081 0.0086958 0.0103367 0.0160143 0.0028723
0 0.965646 0.00270907 0.0112953 0.0142515 0.00609769
0 0.965581 0.00338149 0.00861431 0.0144848 0.00793877
0 0.969569 0.00575052 0.0110534 0.00898879 0.00463779
0 0.965354 0.00950182 0.010685 0.0111276 0.00333128
0 0.964808 0.00345808 0.0099459 0.014663 0.00712544
0 0.967096 0.00360838 0.00850817 0.0129968 0.00779069
0 0.965466 0.00289004 0.00832115 0.0168823 0.00644036
0 0.964247 0.00379086 0.00933552 0.0153475 0.00727964
0 0.971537 0.00342867 0.00274322 0.0180374 0.004254
0 0.965362 0.00573598 0.0118749 0.0134741 0.00355324
0 0.968733 0.00337431 0.00474834 0.0182625 0.0048819
0 0.967498 0.00104181 0.00920746 0.0148061 0.00744649
0 0.964996 0.00748421 0.00516029 0.0147204 0.00763938
0 0.963583 0.00360408 0.00998233 0.0166451 0.0061854
0 0.966488 0.0058595 0.0112918 0.0114918 0.00486871
0 0.966742 0.00382115 0.00733529 0.0144585 0.0076433
0 0.967459 0.00914871 0.0100735 0.0109939 0.00232491
0 0.969621 0.00785381 0.010365 0.0104248 0.0017355
1 0.00620218 0.9617 0.0268738 0.00208038 0.00314334
1 0.000382621 0.970953 0.0283813 3.09632e-05 0.000252129
1 0.00103815 0.988275 0.00945261 0.000199145 0.00103519
1 0.00912916 0.96605 0.0154965 0.0050758 0.00424897
1 0.00528984 0.980471 0.0116795 0.00133156 0.00122863
1 0.000100662 0.985972 0.013801 3.02218e-05 9.65643e-05
1 0.000394116 0.970182 0.0283075 8.80716e-05 0.00102782
1 0.00228479 0.968149 0.0275769 0.000838953 0.00115021
1 0.00632352 0.960513 0.0208898 0.00566566 0.00660784
1 0.00037162 0.969606 0.0282768 0.000324891 0.00142074
1 0.00993005 0.96378 0.0218622 0.00359148 0.000836313
1 1.76592e-05 0.994158 0.00576002 1.30412e-05 5.14713e-05
1 3.5354e-05 0.991558 0.008255 4.45786e-05 0.000106674
1 0.00222466 0.968966 0.0275803 0.000564967 0.000664552
1 0.00382575 0.966884 0.0275904 0.00095985 0.000740324
1 1.34989e-06 0.998414 0.0014486 2.83495e-05 0.00010729
1 0.00308627 0.967429 0.0275336 0.000798055 0.00115308
1 0.00806638 0.971287 0.0179627 0.00155175 0.00113223
1 0.00596435 0.96405 0.0274151 0.00148843 0.00108223
1 0.00321027 0.967068 0.0275699 0.00109957 0.0010527
1 0.000392711 0.970245 0.0283264 0.000158048 0.000878283
1 0.00340802 0.966977 0.0275873 0.000965481 0.0010624
1 0.000924665 0.993634 0.00480195 0.000294837 0.00034425
1 0.000402814 0.970105 0.0283219 7.17236e-05 0.00109858
1 0.000405194 0.970216 0.0283213 0.000150378 0.000907356
1 0.000313434 0.972664 0.0242311 0.00154837 0.00124285
1 0.000419605 0.970724 0.0283506 0.000112376 0.000393882
1 6.08381e-05 0.989174 0.0103524 0.000124378 0.000288535
1 0.00118202 0.969904 0.0275205 0.000380194 0.00101367
1 0.000386196 0.971084 0.0283597 5.8041e-05 0.000111933
1 0.000368586 0.971314 0.0271491 8.89248e-05 0.00107977
1 0.000361403 0.972392 0.0268414 8.69572e-05 0.000318279
1 0.00861088 0.96186 0.0195994 0.00612207 0.00380746
1 0.000419382 0.970297 0.028337 0.000229461 0.000717661
1 0.000553668 0.99243 0.00639617 0.000139164 0.000480717
1 9.00872e-05 0.986722 0.0130847 1.97696e-05 8.31464e-05
1 3.99115e-06 0.997205 0.0027827 3.56972e-06 4.95676e-06
1 0.000422793 0.970972 0.028355 0.000133296 0.00011684
1 8.41818e-06 0.995915 0.00406457 3.33058e-06 8.84932e-06
1 0.000403694 0.970061 0.0283582 0.000127693 0.00104943
1 2.16037e-06 0.997944 0.00195226 2.04924e-05 8.11992e-05
1 0.000226232 0.978479 0.0210247 2.88418e-05 0.000241319
1 0.000444852 0.970735 0.0283315 0.000138821 0.00034946
1 7.28442e-06 0.996355 0.00354337 6.59762e-05 2.88298e-05
1 0.00247156 0.968831 0.0275912 0.000339893 0.000766381
1 0.00440035 0.964883 0.0276338 0.00134338 0.00173995
1 0.0028241 0.965069 0.0272141 0.00389664 0.000996254
1 9.5938e-07 0.998638 0.00130031 4.52031e-05 1.563e-05
1 0.00186405 0.969736 0.0275562 0.000454049 0.000390001
1 0.000312501 0.973998 0.0254831 5.26595e-05 0.000153793
1 0.00613203 0.964115 0.027362 0.00126836 0.00112283
1 0.0100009 0.965241 0.0219333 0.00211096 0.000713791
1 0.00359269 0.963939 0.0273196 0.00292461 0.00222404
1 0.00727888 0.963544 0.0270001 0.00109576 0.00108087
1 0.00103088 0.983513 0.0150398 0.000220923 0.000195297
1 0.00408114 0.965104 0.027573 0.00151766 0.00172447
1 0.0010242 0.97051 0.0275954 0.00012401 0.000746373
1 0.00462538 0.9667 0.0275847 0.000699532 0.000390367
1 0.00693129 0.976786 0.0118656 0.00322232 0.00119442
1 0.00330504 0.979585 0.0146169 0.00160339 0.000889921
1 0.000114055 0.984698 0.0149543 7.32911e-05 0.000160748
1 0.00796599 0.958811 0.024158 0.0043355 0.00472956
1 0.00273533 0.967378 0.0275379 0.0010606 0.00128861
1 0.00337803 0.962564 0.0261848 0.00233336 0.0055397
1 0.00244012 0.966227 0.0274837 0.00242679 0.00142237
1 0.00386148 0.966387 0.0276403 0.00108446 0.0010269
1 0.00973536 0.963034 0.0241142 0.00209456 0.00102218
1 0.00523504 0.98573 0.00875635 0.000231601 4.68779e-05
1 0.00182789 0.97036 0.027619 0.000107338 8.54478e-05
1 0.00411795 0.986635 0.00773892 0.000655452 0.000853038
1 0.00365778 0.965726 0.0275589 0.000999354 0.00205828
1 0.00666434 0.981289 0.0079777 0.00233198 0.00173713
1 0.00384313 0.964619 0.027501 0.000968123 0.00306868
1 0.00437036 0.96389 0.0272502 0.000930771 0.00355815
1 0.00343642 0.967567 0.0276108 0.000418072 0.000967512
1 0.00936214 0.961388 0.0248886 0.00246701 0.00189398
1 0.00121783 0.96929 0.0275941 0.000305718 0.00159275
1 0.00639847 0.96354 0.0273087 0.00111603 0.00163635
1 0.00161757 0.969619 0.0275859 0.000280013 0.000897811
1 0.00906832 0.961969 0.0252619 0.00212605 0.00157444
1 0.000358349 0.970314 0.0283439 0.000149138 0.000834664
1 0.00278647 0.966313 0.0275822 0.00114889 0.00216973
1 0.00228931 0.969001 0.0275918 0.000219627 0.000898472
1 0.00383112 0.966417 0.0276209 0.000383894 0.00174743
1 0.000320748 0.969993 0.0283151 0.000243485 0.001128
1 0.00198751 0.966181 0.0274792 0.00126119 0.00309116
1 0.000303828 0.968634 0.0281391 0.000161603 0.00276112
1 0.00286806 0.967439 0.0275309 0.00028584 0.00187637
1 0.00244326 0.965089 0.0272267 0.00109408 0.00414661
1 0.0012477 0.966809 0.0269848 0.000426344 0.0045323
1 0.00352572 0.964844 0.0274625 0.00126771 0.00289979
1 0.00304792 0.966787 0.0275906 0.000731054 0.00184309
1 0.00898866 0.961535 0.025492 0.00108886 0.00289597
1 0.00321052 0.967087 0.0275686 0.000648591 0.00148575
1 0.00302683 0.967633 0.0275402 0.000870501 0.000929285
1 0.00834544 0.960775 0.025856 0.0019232 0.00310064
1 0.00327647 0.967293 0.0275392 0.000879155 0.00101211
1 0.00295398 0.968006 0.0274999 0.000423654 0.001117
1 0.00109321 0.969641 0.0275809 0.000214913 0.0014699
1 0.00295361 0.967471 0.0275155 0.000733818 0.00132562
1 0.00329259 0.967169 0.0275277 0.000834049 0.00117662
2 0.00399612 0.0264717 0.965672 0.00138869 0.00247118
2 0.00439102 0.0267661 0.962707 0.00158607 0.00455014
2 0.00448402 0.0270114 0.961951 0.000600045 0.00595355
2 0.00597781 0.0265824 0.961987 0.00213732 0.00331543
2 0.00325849 0.0266288 0.965222 0.000582352 0.00430807
2 0.00724324 0.0068167 0.971121 0.00493904 0.00987995
2 0.00250587 0.0263581 0.970053 0.000258713 0.000823773
2 0.00199623 0.0104796 0.978807 0.00102666 0.00769079
2 0.00144373 0.0264645 0.96669 0.000988113 0.00441386
2 0.00635612 0.0266237 0.960387 0.00253366 0.00409981
2 0.003701 0.0258823 0.958021 0.0018492 0.0105462
2 0.00777097 0.02605 0.956793 0.0020107 0.00737581
2 0.00190767 0.0239113 0.969196 0.000797707 0.00418752
2 0.000496452 0.0263801 0.970759 0.00017021 0.00219396
2 0.000909514 0.0263367 0.971514 7.04877e-05 0.00116924
2 0.000822311 0.0264557 0.968141 0.000641577 0.00393988
2 0.00205858 0.0266533 0.965148 0.000619693 0.00552035
2 0.00871095 0.0243131 0.95458 0.0023596 0.0100364
2 0.00287402 0.0069406 0.975387 0.00590119 0.00889689
2 0.00929896 0.0228266 0.954219 0.00280447 0.010851
2 0.00335263 0.0117364 0.983585 0.000547599 0.000778579
2 0.000718501 0.00545735 0.99144 0.000255559 0.00212878
2 0.00425716 0.0104148 0.970227 0.00717633 0.0079252
2 0.00118513 0.0221441 0.974083 0.000104395 0.00248307
2 0.00754063 0.0259055 0.959136 0.00179414 0.00562411
2 0.00831888 0.0108653 0.974788 0.00201973 0.00400766
2 0.00959469 0.0220772 0.957125 0.00174227 0.00946039
2 0.00407439 0.0018828 0.98325 0.00164969 0.00914355
2 0.00226632 0.00679627 0.980306 0.00160675 0.0090243
2 0.000585013 0.0263597 0.968327 0.000449632 0.00427884
2 0.00302941 0.0265945 0.964516 0.000714148 0.00514619
2 0.00183688 0.0264724 0.967571 0.000889448 0.00323005
2 0.00595686 0.00834536 0.969032 0.00648475 0.0101807
2 0.00210462 0.0268288 0.963492 0.00042615 0.00714885
2 0.00858969 0.0119625 0.961779 0.00634826 0.0113209
2 0.00147198 0.00588219 0.987344 0.000227925 0.00507398
2 0.00153276 0.0264124 0.967141 0.00020973 0.00470406
2 0.000959432 0.0266728 0.965325 0.00143201 0.00561031
2 0.000572325 0.0256252 0.970472 0.000381016 0.00294968
2 0.00432544 0.00359261 0.981245 0.00190233 0.00893501
2 0.000480636 0.0263492 0.972803 5.2214e-05 0.000314569
2 0.000612395 0.0263693 0.969422 0.000125555 0.0034707
2 0.0100771 0.012884 0.962134 0.0070501 0.00785512
2 0.00113622 0.0263273 0.970948 0.000321708 0.00126717
2 0.00377648 0.0266935 0.962296 0.00186176 0.00537175
2 0.00135777 0.0102232 0.978772 0.00180892 0.0078385
2 0.000880351 0.0201293 0.97594 0.000419427 0.00263108
2 0.00235033 0.0262761 0.970372 0.000265637 0.000735576
2 0.00577119 0.0264971 0.962555 0.00172955 0.0034467
2 0.00823669 0.00670486 0.973089 0.00253875 0.00943024
2 0.00679852 0.026597 0.960404 0.00171999 0.00448043
2 0.000884702 0.00804525 0.9882 0.000418735 0.00245131
2 0.00485051 0.00262871 0.986483 0.000491805 0.00554592
2 0.00472074 0.0101543 0.97037 0.00714504 0.00760965
2 0.000402887 0.0197842 0.975892 0.000205115 0.00371561
2 0.000751145 0.0264437 0.968511 0.000627705 0.00366633
2 0.00338599 0.0269073 0.961077 0.00125505 0.00737447
2 0.00196624 0.0264089 0.966176 0.000646766 0.00480255
2 0.00716432 0.0265054 0.959249 0.00302282 0.00405805
2 0.00193485 0.0268723 0.963264 0.00120836 0.00672053
2 0.00368935 0.0254523 0.958936 0.00179768 0.0101247
2 0.000967717 0.0264353 0.966395 0.00103719 0.00516529
2 0.00418635 0.0137294 0.978848 0.00146766 0.00176831
2 0.00403461 0.0125231 0.965908 0.00632777 0.0112067
2 0.000944831 0.0263283 0.97144 0.000253977 0.0010332
2 0.00275593 0.0269119 0.961314 0.0013024 0.00771619
2 0.000537864 0.0263725 0.971752 0.000265808 0.00107138
2 0.00360777 0.0271434 0.959999 0.00242323 0.0068265
2 0.00243715 0.0126209 0.981157 0.00121501 0.00257035
2 0.00929942 0.0100181 0.964378 0.00645504 0.00984985
2 0.00174977 0.0145674 0.979773 0.000841398 0.00306811
2 0.00355687 0.0265429 0.964463 0.000991307 0.00444547
2 0.00195716 0.00459016 0.990516 0.000384595 0.00255209
2 0.00296459 0.0265157 0.966739 0.000262628 0.0035178
2 0.00555621 0.0140665 0.96288 0.00608634 0.0114111
2 0.00154718 0.0193089 0.970093 0.00179037 0.00726057
2 0.0030264 0.00681572 0.975734 0.00622493 0.00819869
2 0.00156142 0.00952159 0.986823 0.000585271 0.00150913
2 0.00160507 0.00183154 0.992276 0.00126415 0.00302291
2 0.00414611 0.0158157 0.966344 0.00363381 0.01006
2 0.00434392 0.0266535 0.958892 0.00170012 0.00841086
2 0.00420846 0.0266263 0.965569 0.0011232 0.00247301
2 0.0006526 0.0263808 0.972688 7.66621e-05 0.000201529
2 0.00389187 0.0118386 0.982173 0.000810114 0.00128686
2 0.00367982 0.0266566 0.964576 0.00137308 0.00371439
2 0.000805941 0.0266377 0.962675 0.00114297 0.00873811
2 0.00101385 0.0263625 0.971692 0.000116511 0.000815669
2 0.00410063 0.0263645 0.965304 0.00161827 0.0026126
2 0.00402886 0.0263237 0.967698 0.000533899 0.00141532
2 0.00196787 0.0263083 0.970792 0.000293289 0.000638171
2 0.0078167 0.019622 0.956582 0.00385193 0.0121271
2 0.0112306 0.018892 0.959348 0.0028864 0.00764257
2 0.00634991 0.0263776 0.963338 0.00156973 0.0023645
2 0.00159037 0.0264162 0.970525 0.000174641 0.00129427
2 0.00533415 0.0265641 0.964291 0.0009214 0.00288932
2 0.00732698 0.0241774 0.956191 0.00223112 0.0100732
2 0.00842701 0.00856074 0.969741 0.00337253 0.00989848
2 0.00677886 0.0263798 0.958708 0.00264564 0.00548779
2 0.00955324 0.0165654 0.962572 0.00241066 0.0088989
2 0.0107448 0.0173136 0.962827 0.00372057 0.00539429
2 0.00707177 0.0221398 0.960441 0.00778704 0.00256014
2 0.00874588 0.0186256 0.954418 0.00672965 0.0114808
2 0.00753365 0.0265053 0.958802 0.00212402 0.00503528
2 0.00840491 0.0260123 0.958998 0.00184248 0.00474209
2 0.0100439 0.0153695 0.965636 0.00380053 0.00514969
2 0.00347683 0.026569 0.96276 0.00290351 0.0042908
3 0.00611289 0.00148591 0.00260151 0.962879 0.0269204
3 0.0151546 0.00064753 0.000779381 0.974853 0.00856507
3 0.0177246 0.0028452 0.00194152 0.95592 0.0215685
3 0.0118095 0.00687237 0.0109744 0.955808 0.0145355
3 0.00400381 0.000931434 0.00123848 0.965449 0.0283768
3 0.0164247 0.0034488 0.00222724 0.960633 0.0172667
3 0.0101928 0.000790383 0.00209656 0.961527 0.0253938
3 0.0160905 0.00557324 0.00361922 0.956132 0.0185846
3 0.0087187 0.000362815 0.000280954 0.981156 0.0094812
3 0.0106155 0.00104707 0.00296247 0.955979 0.0293961
3 0.0176629 0.00133987 0.00298148 0.955142 0.0228741
3 0.0177561 0.00136788 0.00291816 0.953195 0.0247626
3 0.00684482 0.0015126 0.00268527 0.981382 0.00757578
3 0.00575811 0.000245267 0.000437179 0.991574 0.00198509
3 0.0131097 0.000340456 0.000430774 0.967778 0.0183413
3 0.0153591 0.00224795 0.00226975 0.96455 0.0155731
3 0.0175444 0.00189514 0.00272532 0.95764 0.0201948
3 0.0165974 0.00110204 0.00115294 0.965194 0.0159532
3 0.0116773 0.001911 0.00159456 0.962294 0.0225234
3 0.0148691 0.00208978 0.00434496 0.970293 0.0084035
3 0.0146366 0.00166783 0.00115 0.975906 0.00663938
3 0.00850899 0.000972834 0.00180108 0.961764 0.0269532
3 0.0156963 0.00213923 0.00129545 0.968608 0.012261
3 0.0153001 0.00172082 0.00310179 0.964298 0.0155789
3 0.0175127 0.00202091 0.00255035 0.952397 0.0255193
3 0.00849666 0.000375756 0.000338015 0.977916 0.0128736
3 0.0158513 0.00644275 0.0072611 0.955364 0.0150812
3 0.00646306 0.00339135 0.010918 0.953132 0.0260959
3 0.0166514 0.00231133 0.00230033 0.960937 0.0177996
3 0.0146337 0.00299159 0.00202903 0.972897 0.00744915
3 0.00826675 0.000255323 0.000346447 0.978569 0.0125623
3 0.00615774 0.00015695 0.000375757 0.990847 0.0024625
3 0.00337945 0.000102438 0.000183167 0.967805 0.0285297
3 0.0161318 0.00121568 0.000458074 0.965391 0.0168035
3 0.0156609 0.00118142 0.000573068 0.968511 0.0140737
3 0.0156072 0.00101073 0.0012546 0.970578 0.0115498
3 0.0131116 0.00153649 0.000964096 0.964703 0.0196844
3 0.0149767 0.00757331 0.00444031 0.948654 0.0243553
3 0.0174557 0.00139358 0.00204739 0.959085 0.0200186
3 0.0105459 0.00224466 0.00153105 0.965639 0.0200396
3 0.0133552 0.000372201 0.000464245 0.962609 0.0231994
3 0.0152911 0.000964452 0.000632806 0.972027 0.0110843
3 0.0178403 0.0029898 0.00325702 0.951903 0.0240097
3 0.0179226 0.000684043 0.00106307 0.956655 0.023675
3 0.0166247 0.000100624 0.0003747 0.955706 0.0271938
3 0.0177739 0.00273817 0.00271278 0.955002 0.0217733
3 0.00269568 0.000630706 0.000564267 0.986702 0.00940722
3 0.00490664 0.000207646 0.000206372 0.974775 0.0199044
3 0.00438262 0.00041776 0.000118249 0.991286 0.00379547
3 0.00335401 0.0011667 0.000569846 0.971311 0.0235983
3 0.00692919 0.000271848 0.000483013 0.980217 0.0120991
3 0.0149622 0.000735255 0.000533301 0.976273 0.00749596
3 0.0127265 0.00598719 0.010661 0.957405 0.0132206
3 0.0142871 0.00126593 0.000404822 0.981707 0.00233539
3 0.0157303 0.00197677 0.00131523 0.969438 0.0115394
3 0.00880148 0.000732741 0.000891466 0.964689 0.0248855
3 0.00309102 0.00022245 0.000575399 0.977527 0.0185844
3 0.0143499 0.000998193 0.000568855 0.980282 0.00380133
3 0.0050549 0.000376743 0.00127675 0.983515 0.00977685
3 0.0163434 0.00309409 0.0018709 0.961228 0.0174637
3 0.014807 0.00264869 0.0010557 0.971168 0.0103206
3 0.0162064 0.00157635 0.00461605 0.950002 0.0275996
3 0.0176849 0.00289306 0.00249677 0.952306 0.0246197
3 0.0167807 0.00207587 0.00247796 0.960531 0.0181343
3 0.00264921 0.000247162 0.000213691 0.988011 0.0088792
3 0.0094203 0.00057713 0.000833566 0.975944 0.013225
3 0.0155548 0.000889387 0.00110442 0.971464 0.0109872
3 0.00532435 0.000634571 0.000495267 0.978951 0.0145948
3 0.00280437 0.000366152 0.00127693 0.991226 0.00432671
3 0.0127573 0.00076337 0.000757147 0.958529 0.0271931
3 0.0148119 0.000648341 0.00102257 0.976011 0.00750653
3 0.0148152 0.00194122 0.00251565 0.969207 0.0115204
3 0.0160738 0.00204094 0.00251885 0.962666 0.0167002
3 0.00814256 0.00215295 0.00506213 0.955308 0.0293339
3 0.0145319 0.0012064 0.000579043 0.977671 0.00601135
3 0.016347 0.000518061 0.00213078 0.963762 0.0172421
3 0.00473028 0.000210558 0.00133927 0.984445 0.00927467
3 0.0140287 0.00505767 0.00380889 0.949136 0.0279688
3 0.0150351 0.00113337 0.00114171 0.969744 0.0129461
3 0.0155711 0.00155546 0.00216091 0.966603 0.0141093
3 0.0116627 0.00218985 0.000688169 0.981375 0.0040845
3 0.0154043 0.00173103 0.00397644 0.950843 0.0280448
3 0.0143879 0.00198039 0.000962241 0.979862 0.00280786
3 0.0156189 0.00130398 0.00152285 0.967227 0.014327
3 0.00401239 0.000185048 0.000765064 0.984354 0.010684
3 0.00480786 0.00272482 0.00547589 0.957997 0.0289946
3 0.00327997 0.000611966 0.00034141 0.989363 0.00640373
3 0.00305628 0.000629247 0.000717627 0.990932 0.00466465
3 0.00626691 0.000387875 0.00302258 0.961131 0.0291916
3 0.00394401 0.000459559 0.000495754 0.985247 0.00985328
3 0.00203632 0.000272851 0.000341286 0.991793 0.00555648
3 0.00818323 0.00214323 0.00617737 0.954156 0.0293398
3 0.0145437 0.000939286 0.000581705 0.976849 0.00708669
3 0.0142127 0.00198919 0.00322592 0.957543 0.0230295
3 0.00800297 0.000214553 0.00022361 0.989142 0.00241675
3 0.00514242 0.000546988 0.00034195 0.986564 0.00740497
3 0.00561971 0.000728887 0.000986282 0.963918 0.0287475
3 0.0120583 0.00146689 0.00239174 0.954679 0.0294039
3 0.0173674 0.00144204 0.00295975 0.958523 0.019708
3 0.0178628 0.0010658 0.00258387 0.956449 0.0220388
3 0.017915 0.00121191 0.00424987 0.952797 0.0238258
3 0.0155443 0.00216664 0.00372513 0.950488 0.0280762
3 0.0169239 0.000658563 0.00267402 0.953019 0.0267247
3 0.00748382 0.000365079 0.00157884 0.961389 0.0291834
3 0.0166327 0.000569149 0.00208088 0.953633 0.0270847
3 0.0154872 0.000828307 0.00249698 0.965445 0.015743
3 0.0178878 0.00105363 0.00258495 0.955238 0.0232357
3 0.00792104 0.00102152 0.00262917 0.959164 0.0292645
3 0.0139546 0.00119662 0.00751487 0.949422 0.027912
3 0.0156476 0.00188895 0.00835484 0.959715 0.0143937
3 0.0167464 0.00213154 0.00292489 0.95127 0.0269269
3 0.0160819 0.00310174 0.00305182 0.962162 0.0156021
3 0.0178025 0.00122703 0.00287755 0.95638 0.0217128
3 0.0148892 0.00169855 0.00314834 0.965437 0.0148273
3 0.0152509 0.00216374 0.00687725 0.962303 0.0134054
3 0.0171752 0.00118094 0.00528782 0.956972 0.0193836
3 0.0176721 0.00172524 0.00684684 0.950842 0.0229142
3 0.0118601 0.00105521 0.00255824 0.955072 0.0294542
3 0.0159647 0.00200635 0.00657586 0.94838 0.0270735
3 0.0174965 0.00146931 0.00269029 0.958177 0.020167
3 0.0168166 0.00235872 0.00420254 0.950568 0.0260545
4 0.000453622 0.000586509 0.00199438 0.0241349 0.972831
4 0.00131838 0.00018642 0.000404458 0.00419111 0.9939
4 0.000858529 0.00375642 0.00984223 0.00120437 0.984338
4 0.00620524 0.00728381 0.0129993 0.0198534 0.953658
4 0.00393136 0.00233961 0.00550607 0.0302959 0.957927
4 0.00735077 0.00600196 0.00504185 0.0171408 0.964465
4 0.00932062 0.0064237 0.00305505 0.0249518 0.956249
4 0.000477505 0.000165828 0.00189702 0.00556703 0.991893
4 0.00279426 0.00631956 0.0108807 0.0113128 0.968693
4 0.00479046 0.00298658 0.00975885 0.0289605 0.953504
4 0.00770968 0.0112814 0.00616537 0.0159742 0.958869
4 9.62894e-05 0.000132483 0.000381458 0.00532286 0.994067
4 0.00594377 0.000379163 0.00244151 0.0218614 0.969374
4 0.00148318 0.00343873 0.00465201 0.0299455 0.960481
4 0.00169437 0.00285728 0.0060631 0.0180398 0.971345
4 0.00444678 0.00222337 0.00479915 0.0300473 0.958483
4 0.00886562 0.000377841 0.00104169 0.0257872 0.963928
4 0.00891885 0.000244073 0.000550726 0.0255589 0.964727
4 0.00732177 0.000678171 0.000555969 0.022418 0.969026
4 0.0026797 0.00248923 0.0110686 0.0293429 0.95442
4 0.00850392 0.0015073 0.00239042 0.0272917 0.960307
4 0.00010967 0.00189912 0.00985792 0.000777903 0.987355
4 0.00653029 0.00268893 0.0118066 0.0149057 0.964069
4 0.00860994 0.00234594 0.00994095 0.0262433 0.95286
4 0.00661635 0.000478256 0.00476132 0.0104498 0.977694
4 0.00915134 0.00260928 0.00992879 0.0243201 0.953991
4 0.00420126 0.00765972 0.0138165 0.0226278 0.951695
4 0.00334198 0.00299249 0.010053 0.00157094 0.982042
4 0.00164858 0.00494725 0.0137208 0.0222459 0.957437
4 0.00792341 0.00212152 0.00246351 0.0192961 0.968195
4 0.00231613 0.00180261 0.00543146 0.0180735 0.972376
4 0.000770848 0.00475236 0.0100168 0.0013378 0.983122
4 0.000424267 0.000775647 0.00172022 0.00524537 0.991834
4 0.00248772 0.00226977 0.00948688 0.00655352 0.979202
4 0.00609498 0.00342368 0.0111594 0.0103063 0.969016
4 0.000428043 0.000214711 0.00108534 0.0185986 0.979673
4 0.00393602 0.00366166 0.00283373 0.0302475 0.959321
4 0.00635709 0.00559493 0.0116259 0.027001 0.949421
4 0.00953096 0.0031014 0.00681483 0.0242834 0.956269
4 0.00759618 0.00285394 0.00978081 0.0279107 0.951858
4 0.00714966 0.00118568 0.00210441 0.0207417 0.968819
4 0.00836188 0.00278272 0.00576647 0.0283046 0.954784
4 0.00261181 0.0104705 0.00696015 0.0101025 0.969855
4 0.00784596 0.00317046 0.0105028 0.0244673 0.954014
4 0.00262441 0.00947014 0.0117334 0.0122087 0.963963
4 0.000710019 0.000494712 0.00227833 0.029993 0.966524
4 0.00016014 0.000647911 0.000536092 0.00442508 0.994231
4 0.00863355 0.00658391 0.0116376 0.0171369 0.956008
4 0.000302623 0.000383304 0.00190179 0.0023654 0.995047
4 0.00269989 0.000942194 0.00424071 0.0303917 0.961726
4 0.00325145 0.00586449 0.01253 0.0152742 0.96308
4 0.00289031 0.0026138 0.00551895 0.0303278 0.958649
4 0.000455441 0.000110666 0.000912329 0.0101157 0.988406
4 0.000870141 0.00108684 0.000373812 0.0301578 0.967511
4 0.00148723 0.00353079 0.00942341 0.0259447 0.959614
4 0.00222267 0.00362658 0.00998667 0.00178164 0.982382
4 0.0028499 0.00775057 0.0115039 0.0249447 0.952951
4 0.00415451 0.00107542 0.00507762 0.0303836 0.959309
4 0.00407598 0.00586153 0.0106007 0.0100773 0.969384
4 0.00175715 0.00434076 0.00901116 0.0149585 0.969932
4 0.00142113 0.000229649 0.00144571 0.0270745 0.969829
4 0.00130213 0.000408505 0.0017437 0.0302282 0.966317
4 0.00377152 0.00407314 0.0104345 0.0041249 0.977596
4 0.00542113 0.000218563 0.00444732 0.0298252 0.960088
4 0.000371098 0.00114416 0.00394314 0.0104796 0.984062
4 0.00559308 0.00457182 0.00950599 0.0286405 0.951689
4 0.00860404 0.00351727 0.00735723 0.0279907 0.952531
4 0.00345504 0.00332177 0.00334648 0.0300941 0.959783
4 0.00867141 0.00247153 0.0035745 0.0273083 0.957974
4 0.00428494 0.000400375 0.000877054 0.0299964 0.964441
4 0.00547314 0.00172266 0.00222161 0.0167745 0.973808
4 0.00552486 0.00290168 0.00266242 0.0160616 0.972849
4 0.00354339 0.00249642 0.00155825 0.0299478 0.962454
4 0.00106104 0.00242548 0.00264122 0.00581151 0.988061
4 0.00221228 0.000202113 0.00197514 0.0101638 0.985447
4 0.00150796 0.00153424 0.0100058 0.00322369 0.983728
4 0.00645053 0.00337042 0.00984529 0.00728184 0.973052
4 0.00356252 0.00290372 0.00565336 0.0304242 0.957456
4 0.00094896 0.00138522 0.00655662 0.0303871 0.960722
4 0.00375131 0.00460279 0.0106182 0.00550205 0.975526
4 0.00154567 0.00315011 0.0122155 0.0166073 0.966481
4 0.00381076 0.000835474 0.00667041 0.020957 0.967726
4 0.00154072 0.000307996 0.00242306 0.0301712 0.965557
4 7.0655e-05 0.000260557 0.00081008 0.00165341 0.997205
4 0.00437596 0.00362989 0.00782882 0.0304106 0.953755
4 0.00609289 0.00027277 0.00154538 0.0295939 0.962495
4 0.00642086 0.000211763 0.00462263 0.026662 0.962083
4 0.000463522 0.00243331 0.00468352 0.013603 0.978817
4 0.00361518 0.000655235 0.00167548 0.03023 0.963824
4 0.0027532 0.000518504 0.000505976 0.03026 0.965962
4 0.00483544 0.0056812 0.0114608 0.0114 0.966623
4 0.00107309 0.00056156 0.00125113 0.0302486 0.966866
4 0.00312388 0.00319921 0.0103482 0.00492023 0.978408
4 0.00077555 0.00459978 0.0101029 0.00313357 0.981388
4 0.00233828 0.00086492 0.00139544 0.0187145 0.976687
4 0.00871596 0.00568173 0.0104117 0.0249472 0.950243
4 0.00157025 0.000786802 0.00601521 0.00256376 0.989064
4 0.00327546 0.000847829 0.00513314 0.0303556 0.960388
4 0.00150241 0.00538571 0.0102939 0.00253019 0.980288
4 0.00502553 0.000920434 0.00225346 0.0243405 0.96746
4 0.000338815 0.00104324 0.00685015 0.0303881 0.96138
4 0.000784567 0.000381524 0.000667317 0.00693798 0.991229
4 0.00522611 0.00241499 0.00971899 0.0294721 0.953168
4 0.00700818 0.00769522 0.0124882 0.0161347 0.956674
4 0.00769149 0.00735493 0.0086432 0.0233999 0.95291
4 0.00624221 0.00394272 0.0108016 0.0240283 0.954985
4 0.00890983 0.00311161 0.00630866 0.0209648 0.960705
4 0.0063994 0.00280726 0.00630413 0.0298358 0.954653
4 0.00897294 0.000684752 0.00151095 0.025065 0.963766
4 0.00509287 0.000869366 0.00439728 0.0300721 0.959568
4 0.00266456 0.000420327 0.000958146 0.0302007 0.965756
4 0.00446725 0.00265794 0.00357533 0.0301909 0.959109
4 0.00458765 0.00255929 0.00517262 0.0301884 0.957492
4 0.00450531 0.00233044 0.00349503 0.0301896 0.95948
4 0.00694912 0.00237779 0.00644627 0.0287931 0.955434
4 0.00888396 0.00247273 0.00686413 0.0207798 0.960999
4 0.0089051 0.00951997 0.0110453 0.0237127 0.946817
4 0.0052307 0.0023452 0.00579266 0.0299156 0.956716
4 0.00377346 0.00277355 0.0043933 0.0303192 0.95874
4 0.00822564 0.00276985 0.00759199 0.0280819 0.953331
4 0.00465806 0.000813127 0.00564634 0.0302543 0.958628
4 0.00654956 0.00234326 0.00607727 0.0297767 0.955253
4 0.00650271 0.00345288 0.0122597 0.0259694 0.951815
4 0.00784753 0.00462398 0.01238 0.0173189 0.95783
4 0.00757634 0.00282187 0.0121603 0.0254033 0.952038
4 0.00723521 0.00309813 0.0118694 0.0175057 0.960292
0 0.962801 0.00726825 0.00781251 0.0160045 0.00611382
0 0.965979 0.00990005 0.0093901 0.0109543 0.00377671
0 0.967766 0.00251467 0.0065628 0.015605 0.00755161
0 0.966717 0.00494627 0.009757 0.01112 0.00745928
0 0.964157 0.00480103 0.00803429 0.0163874 0.00661994
0 0.974039 0.00939687 0.00754288 0.00863481 0.000386676
0 0.964597 0.00694506 0.0117472 0.0125917 0.00411858
0 0.964381 0.00631428 0.0111234 0.0140297 0.00415142
0 0.975678 0.00546038 0.010033 0.00353592 0.00529313
0 0.963653 0.00456814 0.00778106 0.0162704 0.00772737
0 0.968665 0.00484251 0.00655945 0.0121906 0.00774195
0 0.963404 0.00369957 0.00971188 0.0170762 0.00610819
0 0.961783 0.00749513 0.0111743 0.0142608 0.00528684
0 0.970155 0.00262791 0.00391959 0.0163244 0.00697324
1 0.00290719 0.965174 0.0274038 0.00104624 0.00346829
1 0.00465722 0.963263 0.0272034 0.000935849 0.00394099
1 0.00309714 0.967231 0.0275762 0.000665053 0.00143019
1 0.00781448 0.972512 0.0149151 0.00211305 0.00264522
1 0.00218797 0.967197 0.0275716 0.000928524 0.00211539
1 0.00292545 0.966861 0.0275971 0.000756076 0.0018604
1 0.00249575 0.966419 0.0275285 0.000697786 0.002859
1 0.00200442 0.967913 0.0275601 0.000705926 0.00181693
1 0.00303807 0.967337 0.0275941 0.000159594 0.00187167
1 0.00943243 0.968187 0.0187659 0.00226714 0.00134739
1 0.00982642 0.963902 0.0192861 0.00491454 0.00207087
1 0.003772 0.963177 0.0272446 0.00213476 0.00367139
2 0.00541874 0.0258226 0.959308 0.00178016 0.00767026
2 0.0106451 0.0206272 0.956064 0.00194754 0.010716
2 0.0102998 0.0246634 0.957452 0.00140679 0.00617803
2 0.00403304 0.0266142 0.961886 0.000974716 0.00649216
2 0.00567095 0.00997728 0.968005 0.00712519 0.00922114
2 0.0023355 0.0264285 0.965994 0.000562129 0.00467944
2 0.00287364 0.026832 0.963528 0.00130505 0.00546089
2 0.00530268 0.0266068 0.961927 0.00102232 0.00514148
2 0.00294443 0.0168974 0.966806 0.00216428 0.0111876
2 0.00182348 0.0263976 0.966834 0.000293913 0.00465096
2 0.00364772 0.00834217 0.972784 0.00504008 0.0101858
2 0.00631192 0.013788 0.962424 0.00730719 0.0101684
2 0.0108463 0.0193481 0.955053 0.0043216 0.0104306
2 0.00415049 0.0206572 0.961101 0.00206475 0.0120265
3 0.00753709 0.00121024 0.00772543 0.954301 0.029226
3 0.0062949 0.00106448 0.00681885 0.956701 0.0291205
3 0.00563713 0.00139307 0.00524631 0.958501 0.0292228
3 0.0133373 0.0013778 0.00977294 0.948198 0.0273142
3 0.00634038 0.00111163 0.00781733 0.963094 0.0216363
3 0.0110229 0.00161164 0.00997069 0.949404 0.0279903
3 0.00922461 0.000579525 0.00237466 0.958376 0.0294448
3 0.00942102 0.000990527 0.0032728 0.956826 0.0294894
3 0.0146559 0.0014771 0.00257643 0.966733 0.014558
3 0.0101314 0.001491 0.0107298 0.950845 0.0268024
3 0.000906418 0.000305203 0.00247852 0.967248 0.0290614
3 0.00441837 0.00118813 0.00698693 0.958383 0.0290235
3 0.0072966 0.000956376 0.00385068 0.958683 0.0292132
3 0.0141137 0.00106753 0.00332315 0.952507 0.0289888
3 0.0051218 0.0011037 0.0105239 0.956496 0.0267545
3 0.00444028 0.00103934 0.00482722 0.960547 0.0291461
3 0.0158102 0.00352555 0.0106087 0.953546 0.0165091
3 0.0120408 0.000136262 0.00288697 0.955454 0.0294814
3 0.0155328 0.00121512 0.00143254 0.965934 0.0158852
3 0.00789841 0.000909841 0.00244296 0.959534 0.0292149
3 0.0135507 0.000949444 0.00226075 0.954118 0.0291215
3 0.00533918 0.00107293 0.00787477 0.956842 0.0288708
3 0.00493753 0.000454094 0.00332348 0.962285 0.0289997
4 0.00712542 0.00101183 0.00398156 0.0291968 0.958684
4 0.00675635 0.00334767 0.0114403 0.0178291 0.960627
4 0.00826794 0.00393581 0.00654203 0.0279784 0.953276
4 0.00381069 0.00275731 0.00597357 0.0304147 0.957044
4 0.00828633 0.00574578 0.0048286 0.0189798 0.962159
4 0.00322114 0.00309713 0.00545957 0.0303984 0.957824
4 0.00817349 0.00689455 0.0117179 0.0155364 0.957678
4 0.00307169 0.00909716 0.0105933 0.00587842 0.971359
4 0.00555941 0.00873259 0.0124119 0.0121994 0.961097
4 0.00922185 0.00316854 0.00368622 0.024163 0.95976
4 0.00288482 0.00282541 0.00505674 0.0302396 0.958993
4 0.00200155 0.0028142 0.00743386 0.0303865 0.957364
4 0.0034835 0.00329531 0.00484417 0.0303942 0.957983
4 0.00954192 0.00314985 0.00717436 0.0239146 0.956219
4 0.00155072 0.00053902 0.0048195 0.0303241 0.962767
